0.e0
1.e0
2.e0
3.e0
4.e0
5.e0
6.e0
7.e0
8.e0
9.e0
10.e0
11.e0
12.e0
13.e0
14.e0
15.e0
16.e0
17.e0
18.e0
19.e0
20.e0
21.e0
22.e0
23.e0
24.e0
25.e0
26.e0
27.e0
28.e0
29.e0
30.e0
31.e0
32.e0
33.e0
34.e0
35.e0
36.e0
37.e0
38.e0
39.e0
40.e0
41.e0
42.e0
43.e0
44.e0
45.e0
46.e0
47.e0
48.e0
49.e0
50.e0
51.e0
52.e0
53.e0
54.e0
55.e0
56.e0
57.e0
58.e0
59.e0
60.e0
61.e0
62.e0
63.e0
64.e0
65.e0
66.e0
67.e0
68.e0
69.e0
70.e0
71.e0
72.e0
73.e0
74.e0
75.e0
76.e0
77.e0
78.e0
79.e0
80.e0
81.e0
82.e0
83.e0
84.e0
85.e0
86.e0
87.e0
88.e0
89.e0
90.e0
91.e0
92.e0
93.e0
94.e0
95.e0
96.e0
97.e0
98.e0
99.e0
100.e0
101.e0
102.e0
103.e0
104.e0
105.e0
106.e0
107.e0
108.e0
109.e0
110.e0
111.e0
112.e0
113.e0
114.e0
115.e0
116.e0
117.e0
118.e0
119.e0
120.e0
121.e0
122.e0
123.e0
124.e0
125.e0
126.e0
127.e0
128.e0
129.e0
130.e0
131.e0
132.e0
133.e0
134.e0
135.e0
136.e0
137.e0
138.e0
139.e0
140.e0
141.e0
142.e0
143.e0
144.e0
145.e0
146.e0
147.e0
148.e0
149.e0
150.e0
151.e0
152.e0
153.e0
154.e0
155.e0
156.e0
157.e0
158.e0
159.e0
160.e0
161.e0
162.e0
163.e0
164.e0
165.e0
166.e0
167.e0
168.e0
169.e0
170.e0
171.e0
172.e0
173.e0
174.e0
175.e0
176.e0
177.e0
178.e0
179.e0
180.e0
181.e0
182.e0
183.e0
184.e0
185.e0
186.e0
187.e0
188.e0
189.e0
190.e0
191.e0
192.e0
193.e0
194.e0
195.e0
196.e0
197.e0
198.e0
199.e0
200.e0
201.e0
202.e0
203.e0
204.e0
205.e0
206.e0
207.e0
208.e0
209.e0
210.e0
211.e0
212.e0
213.e0
214.e0
215.e0
216.e0
217.e0
218.e0
219.e0
220.e0
221.e0
222.e0
223.e0
224.e0
225.e0
226.e0
227.e0
228.e0
229.e0
230.e0
231.e0
232.e0
233.e0
234.e0
235.e0
236.e0
237.e0
238.e0
239.e0
240.e0
241.e0
242.e0
243.e0
244.e0
245.e0
246.e0
247.e0
248.e0
249.e0
250.e0
251.e0
252.e0
253.e0
254.e0
255.e0
256.e0
257.e0
258.e0
259.e0
260.e0
261.e0
262.e0
263.e0
264.e0
265.e0
266.e0
267.e0
268.e0
269.e0
270.e0
271.e0
272.e0
273.e0
274.e0
275.e0
276.e0
277.e0
278.e0
279.e0
280.e0
281.e0
282.e0
283.e0
284.e0
285.e0
286.e0
287.e0
288.e0
289.e0
290.e0
291.e0
292.e0
293.e0
294.e0
295.e0
296.e0
297.e0
298.e0
299.e0
300.e0
301.e0
302.e0
303.e0
304.e0
305.e0
306.e0
307.e0
308.e0
309.e0
310.e0
311.e0
312.e0
313.e0
314.e0
315.e0
316.e0
317.e0
318.e0
319.e0
320.e0
321.e0
322.e0
323.e0
324.e0
325.e0
326.e0
327.e0
328.e0
329.e0
330.e0
331.e0
332.e0
333.e0
334.e0
335.e0
336.e0
337.e0
338.e0
339.e0
340.e0
341.e0
342.e0
343.e0
344.e0
345.e0
346.e0
347.e0
348.e0
349.e0
350.e0
351.e0
352.e0
353.e0
354.e0
355.e0
356.e0
357.e0
358.e0
359.e0
360.e0
361.e0
362.e0
363.e0
364.e0
365.e0
366.e0
367.e0
368.e0
369.e0
370.e0
371.e0
372.e0
373.e0
374.e0
375.e0
376.e0
377.e0
378.e0
379.e0
380.e0
381.e0
382.e0
383.e0
384.e0
385.e0
386.e0
387.e0
388.e0
389.e0
390.e0
391.e0
392.e0
393.e0
394.e0
395.e0
396.e0
397.e0
398.e0
399.e0
400.e0
401.e0
402.e0
403.e0
404.e0
405.e0
406.e0
407.e0
408.e0
409.e0
410.e0
411.e0
412.e0
413.e0
414.e0
415.e0
416.e0
417.e0
418.e0
419.e0
420.e0
421.e0
422.e0
423.e0
424.e0
425.e0
426.e0
427.e0
428.e0
429.e0
430.e0
431.e0
432.e0
433.e0
434.e0
435.e0
436.e0
437.e0
438.e0
439.e0
440.e0
441.e0
442.e0
443.e0
444.e0
445.e0
446.e0
447.e0
448.e0
449.e0
450.e0
451.e0
452.e0
453.e0
454.e0
455.e0
456.e0
457.e0
458.e0
459.e0
460.e0
461.e0
462.e0
463.e0
464.e0
465.e0
466.e0
467.e0
468.e0
469.e0
470.e0
471.e0
472.e0
473.e0
474.e0
475.e0
476.e0
477.e0
478.e0
479.e0
480.e0
481.e0
482.e0
483.e0
484.e0
485.e0
486.e0
487.e0
488.e0
489.e0
490.e0
491.e0
492.e0
493.e0
494.e0
495.e0
496.e0
497.e0
498.e0
499.e0
500.e0
501.e0
502.e0
503.e0
504.e0
505.e0
506.e0
507.e0
508.e0
509.e0
510.e0
511.e0
512.e0
513.e0
514.e0
515.e0
516.e0
517.e0
518.e0
519.e0
520.e0
521.e0
522.e0
523.e0
524.e0
525.e0
526.e0
527.e0
528.e0
529.e0
530.e0
531.e0
532.e0
533.e0
534.e0
535.e0
536.e0
537.e0
538.e0
539.e0
540.e0
541.e0
542.e0
543.e0
544.e0
545.e0
546.e0
547.e0
548.e0
549.e0
550.e0
551.e0
552.e0
553.e0
554.e0
555.e0
556.e0
557.e0
558.e0
559.e0
560.e0
561.e0
562.e0
563.e0
564.e0
565.e0
566.e0
567.e0
568.e0
569.e0
570.e0
571.e0
572.e0
573.e0
574.e0
575.e0
576.e0
577.e0
578.e0
579.e0
580.e0
581.e0
582.e0
583.e0
584.e0
585.e0
586.e0
587.e0
588.e0
589.e0
590.e0
591.e0
592.e0
593.e0
594.e0
595.e0
596.e0
597.e0
598.e0
599.e0
600.e0
601.e0
602.e0
603.e0
604.e0
605.e0
606.e0
607.e0
608.e0
609.e0
610.e0
611.e0
612.e0
613.e0
614.e0
615.e0
616.e0
617.e0
618.e0
619.e0
620.e0
621.e0
622.e0
623.e0
624.e0
625.e0
626.e0
627.e0
628.e0
629.e0
630.e0
631.e0
632.e0
633.e0
634.e0
635.e0
636.e0
637.e0
638.e0
639.e0
640.e0
641.e0
642.e0
643.e0
644.e0
645.e0
646.e0
647.e0
648.e0
649.e0
650.e0
651.e0
652.e0
653.e0
654.e0
655.e0
656.e0
657.e0
658.e0
659.e0
660.e0
661.e0
662.e0
663.e0
664.e0
665.e0
666.e0
667.e0
668.e0
669.e0
670.e0
671.e0
672.e0
673.e0
674.e0
675.e0
676.e0
677.e0
678.e0
679.e0
680.e0
681.e0
682.e0
683.e0
684.e0
685.e0
686.e0
687.e0
688.e0
689.e0
690.e0
691.e0
692.e0
693.e0
694.e0
695.e0
696.e0
697.e0
698.e0
699.e0
700.e0
701.e0
702.e0
703.e0
704.e0
705.e0
706.e0
707.e0
708.e0
709.e0
710.e0
711.e0
712.e0
713.e0
714.e0
715.e0
716.e0
717.e0
718.e0
719.e0
720.e0
721.e0
722.e0
723.e0
724.e0
725.e0
726.e0
727.e0
728.e0
729.e0
730.e0
731.e0
732.e0
733.e0
734.e0
735.e0
736.e0
737.e0
738.e0
739.e0
740.e0
741.e0
742.e0
743.e0
744.e0
745.e0
746.e0
747.e0
748.e0
749.e0
750.e0
751.e0
752.e0
753.e0
754.e0
755.e0
756.e0
757.e0
758.e0
759.e0
760.e0
761.e0
762.e0
763.e0
764.e0
765.e0
766.e0
767.e0
768.e0
769.e0
770.e0
771.e0
772.e0
773.e0
774.e0
775.e0
776.e0
777.e0
778.e0
779.e0
780.e0
781.e0
782.e0
783.e0
784.e0
785.e0
786.e0
787.e0
788.e0
789.e0
790.e0
791.e0
792.e0
793.e0
794.e0
795.e0
796.e0
797.e0
798.e0
799.e0
800.e0
801.e0
802.e0
803.e0
804.e0
805.e0
806.e0
807.e0
808.e0
809.e0
810.e0
811.e0
812.e0
813.e0
814.e0
815.e0
816.e0
817.e0
818.e0
819.e0
820.e0
821.e0
822.e0
823.e0
824.e0
825.e0
826.e0
827.e0
828.e0
829.e0
830.e0
831.e0
832.e0
833.e0
834.e0
835.e0
836.e0
837.e0
838.e0
839.e0
840.e0
841.e0
842.e0
843.e0
844.e0
845.e0
846.e0
847.e0
848.e0
849.e0
850.e0
851.e0
852.e0
853.e0
854.e0
855.e0
856.e0
857.e0
858.e0
859.e0
860.e0
861.e0
862.e0
863.e0
864.e0
865.e0
866.e0
867.e0
868.e0
869.e0
870.e0
871.e0
872.e0
873.e0
874.e0
875.e0
876.e0
877.e0
878.e0
879.e0
880.e0
881.e0
882.e0
883.e0
884.e0
885.e0
886.e0
887.e0
888.e0
889.e0
890.e0
891.e0
892.e0
893.e0
894.e0
895.e0
896.e0
897.e0
898.e0
899.e0
900.e0
901.e0
902.e0
903.e0
904.e0
905.e0
906.e0
907.e0
908.e0
909.e0
910.e0
911.e0
912.e0
913.e0
914.e0
915.e0
916.e0
917.e0
918.e0
919.e0
920.e0
921.e0
922.e0
923.e0
924.e0
925.e0
926.e0
927.e0
928.e0
929.e0
930.e0
931.e0
932.e0
933.e0
934.e0
935.e0
936.e0
937.e0
938.e0
939.e0
940.e0
941.e0
942.e0
943.e0
944.e0
945.e0
946.e0
947.e0
948.e0
949.e0
950.e0
951.e0
952.e0
953.e0
954.e0
955.e0
956.e0
957.e0
958.e0
959.e0
960.e0
961.e0
962.e0
963.e0
964.e0
965.e0
966.e0
967.e0
968.e0
969.e0
970.e0
971.e0
972.e0
973.e0
974.e0
975.e0
976.e0
977.e0
978.e0
979.e0
980.e0
981.e0
982.e0
983.e0
984.e0
985.e0
986.e0
987.e0
988.e0
989.e0
990.e0
991.e0
992.e0
993.e0
994.e0
995.e0
996.e0
997.e0
998.e0
999.e0
1000.e0
