0.e-1
1.e-1
2.e-1
3.e-1
4.e-1
5.e-1
6.e-1
7.e-1
8.e-1
9.e-1
10.e-1
11.e-1
12.e-1
13.e-1
14.e-1
15.e-1
16.e-1
17.e-1
18.e-1
19.e-1
20.e-1
21.e-1
22.e-1
23.e-1
24.e-1
25.e-1
26.e-1
27.e-1
28.e-1
29.e-1
30.e-1
31.e-1
32.e-1
33.e-1
34.e-1
35.e-1
36.e-1
37.e-1
38.e-1
39.e-1
40.e-1
41.e-1
42.e-1
43.e-1
44.e-1
45.e-1
46.e-1
47.e-1
48.e-1
49.e-1
50.e-1
51.e-1
52.e-1
53.e-1
54.e-1
55.e-1
56.e-1
57.e-1
58.e-1
59.e-1
60.e-1
61.e-1
62.e-1
63.e-1
64.e-1
65.e-1
66.e-1
67.e-1
68.e-1
69.e-1
70.e-1
71.e-1
72.e-1
73.e-1
74.e-1
75.e-1
76.e-1
77.e-1
78.e-1
79.e-1
80.e-1
81.e-1
82.e-1
83.e-1
84.e-1
85.e-1
86.e-1
87.e-1
88.e-1
89.e-1
90.e-1
91.e-1
92.e-1
93.e-1
94.e-1
95.e-1
96.e-1
97.e-1
98.e-1
99.e-1
100.e-1
